3,2
3,1
3,3
10,65
10,243
10,69
10,137
10,259
10,309
10,187
10,1
11,28
11,26
10,225
11,24
11,22
11,20
11,19
11,18
11,17
11,16
11,15
11,27
11,5
11,14
11,21
11,13
11,23
11,12
11,11
11,29
11,25
11,2
11,10
11,3
11,1
10,3
10,2
10,0
9,7
9,6
9,5
9,4
9,3
9,2
9,1
9,0
8,17
8,18
8,13
8,14
8,12
8,15
8,11
8,10
8,16
8,9
8,8
8,7
8,6
12,2
8,3
12,1
8,2
8,1
12,3
8,0
0,511
0,510
0,509
0,508
0,507
0,506
0,505
0,504
0,503
0,502
0,501
0,500
0,499
0,498
0,497
0,496
0,495
0,494
0,493
0,492
0,491
0,490
0,489
0,488
0,487
